6 0.98 64.0
42.067799433347346
-0.20691534872778397
-0.21852148465833707
-0.23037266539467816
-0.24244917252306875
-0.2547308177593779
-0.26719702188461275
-0.27982689419998874
-0.29259931218908425
-0.30549300106030486
-0.3184866128296619
-0.3315588045917698
-0.34468831561602936
-0.35785404289519723
-0.3710351147649422
-0.38421096220557277
-0.39736138743087274
-0.41046662936389844
-0.42350742559564725
-0.4364650704196962
-0.4493214685341729
-0.46205918400176516
-0.47466148405881803
-0.4871123773658899
-0.4993966462943938
-0.5114998728470435
-0.5234084578137589
-0.5351096327693347
-0.5465914645245057
-0.557842851648
-0.5688535126836132
-0.5796139656932878
-0.590115498764465
-0.6003501311275937
-0.6103105646811406
-0.6199901292389094
-0.6293827300806406
-0.6384828003939175
-0.6472852578302924
-0.6557854644677331
-0.663979189639094
-0.6718625752205297
-0.6794321030818772
-0.6866845644886291
-0.6936170313163618
-0.7002268289966905
-0.706511511161458
-0.7124688359909453
-0.7180967443039058
-0.7233933394534467
-0.728356869114131
-0.7329857090629684
-0.7372783490708174
-0.7412333810316295
-0.7448494894653959
-0.7481254445368942
-0.7510600977367375
-0.7536523803739665
-0.7559013050308082
-0.757805970130314
-0.7593655677666571
-0.7605793949459656
-0.7614468683828646
-0.7619675429944954
-0.762141134229758
-0.7619675429944954
-0.7614468683828642
-0.7605793949459657
-0.7593655677666571
-0.7578059701303139
-0.7559013050308081
-0.7536523803739662
-0.7510600977367375
-0.7481254445368944
-0.7448494894653959
-0.7412333810316296
-0.7372783490708174
-0.7329857090629686
-0.7283568691141309
-0.7233933394534469
-0.7180967443039058
-0.7124688359909453
-0.706511511161458
-0.7002268289966905
-0.6936170313163618
-0.6866845644886289
-0.6794321030818772
-0.6718625752205296
-0.6639791896390941
-0.655785464467733
-0.6472852578302927
-0.6384828003939177
-0.6293827300806403
-0.6199901292389094
-0.6103105646811409
-0.6003501311275937
-0.5901154987644651
-0.5796139656932879
-0.5688535126836133
-0.557842851648
-0.5465914645245061
-0.535109632769335
-0.5234084578137592
-0.5114998728470435
-0.49939664629439384
-0.48711237736589025
-0.4746614840588182
-0.46205918400176565
-0.4493214685341733
-0.4364650704196965
-0.4235074255956475
-0.4104666293638988
-0.39736138743087324
-0.3842109622055732
-0.3710351147649428
-0.35785404289519784
-0.34468831561603
-0.33155880459177045
-0.31848661282966256
-0.3054930010603056
-0.29259931218908514
-0.27982689419998963
-0.2671970218846133
-0.25473081775937895
-0.2424491725230707
-0.2303726653946796
-0.2185214846583377
-0.20691534872778417
34.10528094593458
0.3727600028807638
0.39057651845003744
0.4084011121128079
0.4261704052389923
0.4438204592152702
0.46128703263052695
0.4785058399010821
0.4954128102977567
0.511944346300154
0.5280375801714118
0.5436306276192173
0.5586628373860791
0.5730750355938661
0.5868097636544076
0.5998115085495713
0.6120269242806337
0.6234050432879006
0.6338974766473789
0.6434586018617006
0.6520457370774004
0.6596193005798651
0.6661429544406623
0.6715837312193519
0.6759121426530502
0.6791022693017629
0.6811318301555778
0.6819822312509668
0.681638592387391
0.6800897510818926
0.6773282429480592
0.6733502577363767
0.668155570325214
0.6617474460052034
0.6541325197734074
0.6453206572045583
0.6353248161385626
0.6241609149737933
0.6118477058418578
0.5984066511137532
0.5838618020787618
0.5682396789512788
0.5515691516137008
0.5338813207081996
0.5152093988563216
0.49558859192040255
0.4750559803305624
0.45365040059012507
0.43141232714432254
0.40838375485494277
0.3846080823695369
0.36012999670979134
0.33499535943123704
0.30925109472695456
0.28294507986238676
0.25612603833774367
0.22884343617957797
0.2011473817645945
0.17308852957727783
0.14471798829898466
0.1160872336202572
0.08724802616068669
0.05825233487209418
0.02915226629143471
8.570048232861018e-16
-0.029152266291433006
-0.05825233487209244
-0.08724802616068493
-0.11608723362025544
-0.14471798829898305
-0.17308852957727616
-0.201147381764593
-0.22884343617957645
-0.25612603833774217
-0.2829450798623853
-0.3092510947269534
-0.3349953594312358
-0.36012999670979023
-0.38460808236953575
-0.4083837548549416
-0.4314123271443218
-0.45365040059012424
-0.47505598033056146
-0.49558859192040217
-0.5152093988563208
-0.533881320708199
-0.5515691516137003
-0.5682396789512784
-0.5838618020787615
-0.598406651113753
-0.6118477058418578
-0.6241609149737934
-0.6353248161385627
-0.6453206572045586
-0.6541325197734077
-0.661747446005204
-0.6681555703252144
-0.6733502577363774
-0.6773282429480598
-0.6800897510818931
-0.6816385923873917
-0.6819822312509674
-0.6811318301555784
-0.6791022693017637
-0.6759121426530511
-0.6715837312193528
-0.6661429544406631
-0.6596193005798661
-0.6520457370774017
-0.6434586018617016
-0.6338974766473799
-0.6234050432879019
-0.6120269242806348
-0.5998115085495725
-0.5868097636544087
-0.5730750355938674
-0.5586628373860805
-0.5436306276192185
-0.5280375801714131
-0.511944346300155
-0.4954128102977578
-0.47850583990108336
-0.46128703263052884
-0.44382045921527213
-0.4261704052389932
-0.4084011121128101
-0.39057651845003993
-0.37276000288076444
23.915899709586068
0.46835996792352785
0.48402758576378807
0.4988783662241144
0.5127992582494739
0.5256802549182213
0.5374150475457359
0.5479016671557854
0.5570431098293142
0.5647479424269615
0.5709308851883564
0.5755133677380225
0.5784240550745539
0.5795993401864303
0.5789838000241301
0.5765306116636884
0.5722019256210409
0.5659691934187558
0.5578134466663993
0.5477255250919562
0.5357062511535389
0.5217665490670373
0.5059275063052886
0.4882203758565978
0.4686865177737515
0.44737727879769057
0.42435380910136705
0.39968681546753365
0.3734562504878114
0.3457509376478099
0.31666813244278336
0.28631301994868946
0.25479814955302516
0.22224280782682682
0.18877233136405963
0.15451737564222845
0.11961317682344412
0.0841988189455714
0.04841650541859196
0.012410834153983299
-0.023671923555067424
-0.05968453965164633
-0.09547954017309146
-0.1309099086859675
-0.16582978031472356
-0.20009512413102507
-0.23356441148088983
-0.26609926768822745
-0.29756510447944123
-0.3278317304189571
-0.35677393662544643
-0.38427205504943734
-0.41021248663183896
-0.43448819672697886
-0.45699917526070805
-0.4776528592019074
-0.49636451505239493
-0.5130575792040489
-0.5276639541712714
-0.540124258880129
-0.5503880313811356
-0.5584138825491832
-0.5641695995401875
-0.5676321979881311
-0.5687879221470461
-0.5676321979881316
-0.5641695995401876
-0.5584138825491837
-0.550388031381136
-0.5401242588801297
-0.5276639541712723
-0.5130575792040499
-0.49636451505239637
-0.477652859201909
-0.4569991752607096
-0.4344881967269804
-0.4102124866318407
-0.38427205504943895
-0.3567739366254484
-0.327831730418959
-0.29756510447944307
-0.26609926768822934
-0.23356441148089185
-0.20009512413102715
-0.16582978031472556
-0.13090990868596958
-0.09547954017309349
-0.05968453965164834
-0.023671923555069523
0.012410834153981339
0.048416505418590106
0.0841988189455696
0.1196131768234423
0.15451737564222676
0.188772331364058
0.2222428078268253
0.2547981495530238
0.28631301994868824
0.3166681324427822
0.3457509376478087
0.3734562504878105
0.3996868154675331
0.42435380910136644
0.44737727879769024
0.4686865177737512
0.48822037585659767
0.5059275063052886
0.5217665490670376
0.5357062511535391
0.5477255250919566
0.5578134466663999
0.5659691934187565
0.5722019256210418
0.5765306116636894
0.5789838000241312
0.5795993401864316
0.578424055074555
0.5755133677380239
0.5709308851883579
0.5647479424269628
0.5570431098293156
0.5479016671557868
0.5374150475457375
0.5256802549182231
0.5127992582494744
0.49887836622411624
0.48402758576379146
0.4683599679235287
14.391056000186339
-0.48416132080593544
-0.49008346137855724
-0.49416290246965866
-0.496287046752908
-0.4963570183956827
-0.49428860639434324
-0.49001311107809703
-0.48347808644835005
-0.474647971586559
-0.4635046049922567
-0.450047616400007
-0.434294691364614
-0.41628170469279757
-0.39606271963103407
-0.3737098505872496
-0.3493129880621302
-0.3229793853872312
-0.29483310780482846
-0.26501434537138646
-0.2336785921152566
-0.2009956948223253
-0.16714877575335713
-0.13233303450620978
-0.0967544351176028
-0.06062828534539109
-0.024177715876292524
0.0123679320411034
0.048774801339003485
0.08480628641232762
0.12022486253370979
0.15479396649865346
0.18827991717899886
0.22045386432610503
0.25109375273195517
0.2799862647329309
0.30692866910402744
0.33173054819993364
0.35421539947897734
0.3742221074594348
0.3916062814890898
0.4062414543852397
0.4180201369607911
0.426854723642953
0.43267824477440797
0.4354449617298428
0.43513080165583823
0.4317336294257136
0.42527335527243815
0.41579187750371427
0.4033528606972774
0.3880413508060138
0.36996322965756206
0.34924451239837956
0.3260304924953452
0.3004847399570944
0.2727879594613067
0.24313671606260875
0.21174203709875747
0.17882789980107855
0.1446296149401749
0.10939211759177926
0.07336817678309103
0.03681653637054225
3.3260575972176483e-16
-0.036816536370541636
-0.07336817678309036
-0.10939211759177861
-0.1446296149401743
-0.17882789980107797
-0.21174203709875686
-0.24313671606260806
-0.272787959461306
-0.3004847399570937
-0.3260304924953446
-0.349244512398379
-0.36996322965756157
-0.38804135080601343
-0.403352860697277
-0.41579187750371377
-0.42527335527243776
-0.43173362942571314
-0.43513080165583756
-0.4354449617298426
-0.4326782447744076
-0.4268547236429527
-0.4180201369607908
-0.40624145438523956
-0.39160628148908966
-0.3742221074594347
-0.3542153994789771
-0.33173054819993364
-0.30692866910402766
-0.2799862647329311
-0.25109375273195533
-0.22045386432610545
-0.18827991717899922
-0.15479396649865382
-0.12022486253371016
-0.08480628641232808
-0.04877480133900406
-0.012367932041104042
0.024177715876291958
0.0606282853453904
0.0967544351176021
0.13233303450620904
0.1671487757533563
0.2009956948223245
0.23367859211525577
0.2650143453713857
0.29483310780482747
0.32297938538723037
0.3493129880621293
0.3737098505872485
0.3960627196310332
0.4162817046927967
0.4342946913646131
0.450047616400006
0.4635046049922557
0.4746479715865581
0.48347808644834916
0.490013111078096
0.49428860639434274
0.49635701839568186
0.49628704675290713
0.49416290246965794
0.49008346137855674
0.48416132080593427
7.349317350589524
0.43121868229113663
0.42386025723947823
0.4140762444112566
0.4018457016657434
0.3871762127461061
0.3701039281856479
0.35069332162902617
0.32903666205354504
0.30525320508077014
0.279488109274307
0.2519110859966138
0.22271479401705893
0.1921129925965673
0.16033846919326203
0.1276407602117314
0.09428368533050425
0.060542717864101384
0.026702215325699566
-0.006947464165959694
-0.04011293276383542
-0.07250080321928297
-0.10382075013747284
-0.13378857324172752
-0.16212923362142387
-0.1885798341298301
-0.21289251558785718
-0.23483724123473929
-0.25420444294156475
-0.2708075040597196
-0.28448505540205543
-0.29510306273540604
-0.3025566862815801
-0.3067718950601518
-0.3077068197243726
-0.3053527885033978
-0.2997349341769795
-0.2909123424518165
-0.2789777583205828
-0.26405686937628386
-0.24630718625526832
-0.22591654201009523
-0.2031012341168722
-0.17810383487690887
-0.15119069807750282
-0.12264919184619928
-0.09278468959554949
-0.061917352751118086
-0.030378740533837642
0.001491716613250761
0.033350342338736204
0.06485290011833049
0.09565830073246774
0.1254322928033679
0.15385109807337105
0.18060495384235015
0.20540152608847356
0.22796915826751785
0.24805992261053555
0.2654524429028201
0.27995446020932424
0.29140511578973577
0.2996769284933505
0.3046774472096153
0.3063505624416725
0.3046774472096153
0.2996769284933504
0.29140511578973566
0.27995446020932424
0.26545244290282
0.24805992261053564
0.2279691582675179
0.2054015260884738
0.1806049538423503
0.15385109807337138
0.12543229280336818
0.09565830073246812
0.06485290011833063
0.03335034233873631
0.0014917166132508968
-0.03037874053383736
-0.06191735275111796
-0.09278468959554913
-0.12264919184619905
-0.1511906980775028
-0.17810383487690876
-0.20310123411687206
-0.22591654201009537
-0.24630718625526812
-0.26405686937628386
-0.27897775832058264
-0.2909123424518166
-0.29973493417697955
-0.30535278850339787
-0.30770681972437264
-0.3067718950601522
-0.30255668628158044
-0.29510306273540654
-0.2844850554020558
-0.2708075040597198
-0.2542044429415652
-0.2348372412347398
-0.21289251558785777
-0.18857983412983062
-0.16212923362142426
-0.1337885732417281
-0.10382075013747327
-0.07250080321928332
-0.04011293276383579
-0.006947464165960082
0.026702215325699073
0.06054271786410112
0.09428368533050398
0.12764076021173115
0.16033846919326172
0.19211299259656725
0.222714794017059
0.25191108599661394
0.27948810927430723
0.3052532050807705
0.32903666205354537
0.35069332162902633
0.3701039281856484
0.3871762127461069
0.4018457016657457
0.4140762444112579
0.4238602572394792
0.43121868229113663
3.1476429694854526
-0.33547706086090073
-0.31675873573807417
-0.29591909030608377
-0.2730887420971369
-0.24843608679142448
-0.22216422398180308
-0.19450745409813275
-0.16572739431316605
-0.13610876624363671
-0.10595491252382706
-0.07558310280267616
-0.04531969234918557
-0.015495198206476825
0.0135606413130119
0.041523758062239166
0.06808053167351921
0.09293239048002579
0.11580017562577824
0.13642821183196155
0.1545880326573118
0.1700817131808444
0.1827447687738956
0.19244858493385544
0.19910234993471204
0.2026544692138195
0.20309344785920685
0.20044823518277036
0.19478803305524564
0.18622157733188155
0.1748959092072118
0.16099466059990764
0.14473588458515424
0.12636946836878876
0.106174169135823
0.08445424275391979
0.06153553490819826
0.03776105991386138
0.013486176006478154
-0.010926534113741301
-0.035112571891191505
-0.058710918371441385
-0.08136941784067873
-0.10275005515992026
-0.12253403713620477
-0.1404265938277579
-0.1561614219889834
-0.16950469991946152
-0.18025861075533828
-0.1882643196734272
-0.19340435948931073
-0.19560438862491095
-0.19483429528870597
-0.1911086318324892
-0.18448637349384842
-0.1750700059697373
-0.16300395635742593
-0.14847239180864905
-0.13169641963716702
-0.11293073147030268
-0.09245974221928437
-0.07059328204827436
-0.04766190604539048
-0.024011891850736183
1.236810633553461e-16
0.024011891850736346
0.047661906045390647
0.07059328204827436
0.09245974221928403
0.11293073147030198
0.13169641963716597
0.14847239180864788
0.16300395635742443
0.17507000596973563
0.18448637349384675
0.19110863183248739
0.19483429528870472
0.1956043886249102
0.19340435948931023
0.18826431967342705
0.18025861075533875
0.16950469991946238
0.15616142198898453
0.1404265938277593
0.12253403713620624
0.10275005515992187
0.08136941784068037
0.05871091837144272
0.03511257189119259
0.010926534113742604
-0.013486176006477007
-0.03776105991386055
-0.06153553490819771
-0.0844542427539191
-0.10617416913582244
-0.1263694683687883
-0.14473588458515396
-0.16099466059990758
-0.17489590920721151
-0.18622157733188127
-0.19478803305524564
-0.2004482351827707
-0.2030934478592075
-0.2026544692138202
-0.19910234993471285
-0.19244858493385672
-0.18274476877389695
-0.17008171318084564
-0.15458803265731333
-0.13642821183196308
-0.11580017562578
-0.09293239048002676
-0.06808053167351993
-0.04152375806223964
-0.013560641313012267
0.015495198206476832
0.045319692349185696
0.07558310280267633
0.10595491252382735
0.136108766243637
0.16572739431316652
0.19450745409813297
0.2221642239818029
0.24843608679142506
0.2730887420971389
0.29591909030608454
0.3167587357380737
0.3354770608608996
